.Random.seed <-
c(10403L, 10L, 411178515L, -575389775L, -672519584L, 183678974L, 
-440264823L, -106905413L, 1863662730L, -1040916628L, -2062938897L, 
1808738085L, -1636797988L, -1476505678L, 247486125L, -915427737L, 
-2071573106L, 329198184L, -1538103701L, -1011318775L, -966353256L, 
-1705612858L, 283908385L, -668051021L, -735607518L, -2002723052L, 
697067415L, -418568307L, 2144107172L, 273216650L, 259353333L, 
467901775L, -326206890L, 1059531008L, -1684714429L, -282648607L, 
532377424L, -1941601874L, 2081754969L, -1981954709L, -32305958L, 
565003676L, -1506506337L, 1009257461L, 810371724L, 311205730L, 
-1499717827L, 1922013111L, 238056542L, -106690152L, 1868385531L, 
192645273L, -2083759832L, -2039824426L, -285971375L, -1942501629L, 
-906899822L, 1553632292L, 1797763815L, -188864707L, -2048165964L, 
804682778L, -1097980059L, 393558527L, -1349282682L, 2004236304L, 
973056691L, -1649825455L, 678537472L, -36377634L, -69797847L, 
219475931L, 2122755306L, 1336892044L, 837952975L, 1565063557L, 
-954375620L, 488625938L, -2096423923L, 1151981383L, -1437395666L, 
1437516936L, -635817589L, 327887209L, -1121451208L, 693399014L, 
-523486847L, -312275693L, -153105726L, 269473140L, -573594249L, 
1270091373L, 1024508164L, -466127830L, 1693436309L, -1973854673L, 
-1262896330L, 1265197920L, 1313655203L, -184337727L, -1252494672L, 
-1137103410L, 1894138169L, 610893131L, 403633914L, 1754085372L, 
1111447615L, 520986901L, -1174099412L, -2048878846L, 2084754397L, 
485809879L, -328595010L, -1836700680L, 1729675227L, -898469319L, 
-343739512L, 1586590518L, 616092017L, -844665949L, 1783126770L, 
1148140100L, 1866032391L, -1839506211L, 1994250708L, 147815674L, 
-389807035L, 1803957407L, 476501542L, -76213584L, 1331896147L, 
-1308235151L, 705255328L, -840089794L, -935033271L, -1640193285L, 
-2004671798L, -1056340948L, 2131737647L, -665545499L, 823811484L, 
-1039589390L, -72025491L, -1059176537L, 1407533518L, 1480828712L, 
-1279070933L, -789881015L, 336659544L, 384319750L, 1590344929L, 
-979927949L, 1198958818L, -1164857260L, -1456007849L, -1170225843L, 
670972132L, 1551123658L, -457217739L, 664911759L, 1373428886L, 
124146752L, -775543549L, -204445407L, 162177552L, 74066414L, 
2040626585L, -727823829L, 1414437658L, 1344520668L, -222980129L, 
1115279285L, -902891188L, 1020833698L, 2017265405L, 468731895L, 
1495081246L, -1754616872L, 547663163L, 422636249L, 100812392L, 
-1716578410L, 1779393297L, -1276695357L, 573441234L, -114577052L, 
409871527L, 1556933117L, 771851252L, -429237030L, 1085558309L, 
1486340927L, 442077382L, -454103728L, 880629107L, -1407238255L, 
1853116864L, -2142219362L, -580629143L, 713430427L, 546404522L, 
1661691596L, 1330087823L, -936852539L, 561178492L, -19867694L, 
1404696397L, 1930143239L, -1887881746L, -794967864L, -294907957L, 
1008871977L, 1903614072L, 1895486886L, -552624191L, 78283859L, 
1831758594L, 658320948L, -1301009481L, -1052116051L, -2101317436L, 
-2009824022L, -1721349291L, 1581939951L, 182440694L, -1026449888L, 
-1373608989L, 391096449L, 125695728L, -1648946800L, -1431554014L, 
1355881736L, 1580058764L, 1932099356L, -635781998L, -422507136L, 
-641363948L, 1946093352L, 537441850L, 1697909200L, -1048755860L, 
-631583820L, -1320709614L, 573679584L, 219613644L, 1026361568L, 
-685550558L, 567556904L, -639682036L, -1410862276L, -618637326L, 
974422768L, -225830332L, -1257126312L, -62904518L, -525527056L, 
1893272252L, -1418029804L, 1459403970L, 229231712L, 1489816956L, 
341950416L, -1784784606L, -1291104600L, -1189658740L, -2146024260L, 
-934714574L, 1372522048L, 1371108532L, 149838920L, 999087546L, 
-42640880L, 299621612L, 1632231764L, 1885494034L, -280066656L, 
-2138680628L, -332424608L, 1510102978L, 344888104L, -1297382996L, 
2056906044L, -610794638L, 970093872L, 772906788L, -1367722696L, 
-1883851046L, 1540315024L, 1023288060L, 787299220L, 944800834L, 
520334592L, 537866300L, -646521520L, -1225870174L, -753775800L, 
-395395316L, 327737052L, 1932789586L, -214157696L, 103002196L, 
-1872260120L, 1264143098L, 467467600L, 337970988L, 719997812L, 
1997644690L, 1310915168L, 372486028L, 1301505888L, 1331801058L, 
1993747368L, 1691872460L, 2026052092L, -345333838L, 191557104L, 
880340420L, 2127446360L, 202225018L, -1119253072L, -1999412292L, 
-494340012L, -1666306110L, 1265453088L, 1525964988L, -1064420784L, 
-527517726L, 334958184L, -151294388L, -678340356L, 344080370L, 
-1601792768L, 445270900L, -1225897976L, 978815418L, 1191079376L, 
-273079316L, -1984324716L, 1197534162L, 1678118752L, -765232820L, 
-778415840L, -53751934L, 227553000L, 1408067820L, -938066372L, 
-2063592590L, -615532944L, 1010043940L, -1893941448L, -1862852454L, 
-849119536L, 1671320764L, 109214356L, 1931872898L, -1661448000L, 
-281623236L, -1782966128L, -564298206L, -1513612792L, -218385140L, 
621740700L, -381479406L, 869736832L, -303668716L, -1224524248L, 
-1851875014L, -107308080L, -321458580L, 948685620L, -783076718L, 
-1908820640L, 1906685260L, 1682281440L, -732377182L, -33009752L, 
482299788L, -2042647876L, -444462222L, -515751696L, -1238188988L, 
33742168L, -384626630L, -1983745168L, 1024447548L, 1525828372L, 
697146818L, -239727392L, 339728252L, 89831120L, -1146856798L, 
-812649432L, 923336972L, -118162500L, -1577814734L, -416815168L, 
596764212L, 841325512L, 1070863546L, 1078028176L, 136391148L, 
-1127926700L, 1767815826L, -1234068704L, -1159659060L, -2094912544L, 
194188994L, -499927512L, -160477524L, -1446070596L, -1590124046L, 
-1085916880L, -862910300L, -86775112L, 441069402L, -274481776L, 
-555414148L, -1171050220L, 1328602434L, -2003967232L, -601560132L, 
-294100144L, -2068622046L, -917280440L, -1107014644L, 1256541276L, 
2125526226L, -1556753408L, 380708692L, -1420031512L, -1451631622L, 
-602879280L, -838687444L, -236208908L, 1359848338L, 79793248L, 
-530589428L, 937765600L, 1853150562L, -1315809624L, 261697100L, 
1422046076L, 1765490482L, -1414454672L, 1496518980L, 23979992L, 
-783305606L, 758782512L, -410194244L, 2114420564L, 1163349570L, 
-143245408L, -430900036L, 1192309200L, 1719832930L, -1721784344L, 
-1860010030L, 1797270567L, 329287281L, -1519199050L, 727534676L, 
771601637L, -1674649361L, 1805902888L, 1600761990L, -1431115085L, 
1839868949L, 203542130L, -1808815424L, 53137193L, 2041134491L, 
-1483126164L, 1841364602L, 344305583L, 1668037305L, 103355598L, 
-840012260L, 233149837L, 1927541751L, 74151680L, -382526114L, 
222701099L, -1539880659L, -1935829606L, -2028928168L, -1864287551L, 
1661693299L, -1161851244L, 1957866274L, 446490167L, -1951587583L, 
513796614L, -1218594748L, 837548405L, 650730719L, -167878600L, 
10225686L, -995084253L, -386529307L, -1958755838L, 920150128L, 
-312617447L, -2089138165L, 1005290236L, -1104817366L, -2110417569L, 
1045482729L, 353586174L, 511784940L, 1073075005L, 158621447L, 
-1200441616L, -2038393202L, 2013614267L, 501609629L, -1735415734L, 
848927336L, -1228687791L, 1358630211L, -1283900348L, -892350734L, 
724825799L, -1133306735L, 186929686L, 1881489524L, -343792891L, 
-728995505L, -2084422840L, -1426662682L, -1035285485L, 639456117L, 
-180821166L, 971518880L, -1075276151L, 1775592123L, -1546086132L, 
1274516634L, -446952945L, 1917255257L, -1525230866L, 1550121340L, 
1933011437L, 1731499671L, -500936352L, 1772455230L, -1414629877L, 
-359632243L, 991932346L, -738165256L, 443439521L, 1744207699L, 
-1837896076L, -746762238L, 2032290455L, 2061063265L, 21647526L, 
-1298906972L, -1306363563L, -439391745L, -124424040L, -1175331402L, 
-1342392765L, 983268229L, 1675337762L, -1274162416L, -940007751L, 
1017836395L, 204909148L, -1774999670L, 512251775L, 2043366089L, 
-8387746L, -2110457844L, 873564125L, -601632025L, -1304196336L, 
-239173074L, 736401627L, -86571587L, -1033956566L, 873544648L, 
-776488719L, -1649527197L, 1781989988L, -208404078L, 1147465319L, 
-2007929295L, 1760752502L, 1571907732L, 1974400677L, 499651503L, 
1113079912L, -1622539194L, 1033859571L, -337441451L, 995694386L, 
1914256128L, 1447788521L, -535215525L, -58458964L, 1640022714L, 
1332594799L, -624802311L, -2028560242L, -355849892L, 10895821L, 
