ML1p_1: 2.61311e+10
HWm_1: 1.58761e+10
FST1v_1: 1.14479e+10
HBm_2.4: 5.47849e+09
FST1m_1: 4.88016e+09
FST1v_3: 3.53933e+09
HBm_2.3: 2.79148e+09
HBm_1.4: 2.261e+09
Comp 1: 1.8905e+09
FST1v_2: 1.87439e+09
Comp 3: 1.05092e+09
F3m_1.2.3: 1.00796e+09
HWv_1: 8.82138e+08
HBm_3.4: 6.79016e+08
F3m_3.1.2: 6.40239e+08
FST1v_4: 6.27573e+08
F3v_1.2.3: 6.04334e+08
HBm_1.2: 4.16439e+08
HBm_1.3: 4.07797e+08
AMLm_1.2.3: 3.51481e+08
ML3p_1.3.4: 3.43372e+08
F3m_2.1.3: 2.86936e+08
AMLm_2.1.4: 2.86683e+08
F3m_4.1.2: 2.38119e+08
AMLv_1.2.3: 2.35061e+08
Comp 2: 2.29343e+08
AMLm_3.1.2: 2.22269e+08
F3m_3.2.4: 2.21539e+08
HWm_2: 2.02031e+08
ML2p_1.2: 1.98619e+08
AMLm_1.3.4: 1.97315e+08
AMLm_2.3.4: 1.94716e+08
NOISE4: 1.93732e+08
F3m_4.1.3: 1.92015e+08
NOISE3: 1.90523e+08
NOISE5: 1.89812e+08
ML2p_1.4: 1.88919e+08
NOISE1: 1.87528e+08
NOISE2: 1.86993e+08
AMLv_3.1.2: 1.68457e+08
F4m_1.4.2.3: 1.6757e+08
ML3p_1.2.4: 1.66474e+08
AMLv_4.1.3: 1.65897e+08
FST2m_1.3: 1.65058e+08
HWv_2: 1.63907e+08
AMLv_2.1.3: 1.63244e+08
ML2p_2.3: 1.61587e+08
HWm_3: 1.58096e+08
ML2p_1.3: 1.57518e+08
AMLm_1.2.4: 1.5731e+08
AMLm_4.2.3: 1.55655e+08
FST1m_3: 1.54748e+08
AMLm_2.1.3: 1.50647e+08
NEIm_1.3: 1.50008e+08
F3m_1.2.4: 1.49723e+08
HWv_3: 1.46803e+08
F4v_1.3.2.4: 1.46678e+08
FST2m_1.2: 1.46009e+08
NEIm_1.2: 1.45456e+08
F4m_1.2.3.4: 1.44496e+08
HWm_4: 1.43425e+08
FST1m_2: 1.41607e+08
HBv_1.4: 1.4051e+08
F3m_2.1.4: 1.3782e+08
NEIv_1.3: 1.34499e+08
AMLv_3.2.4: 1.34314e+08
FST2v_1.3: 1.3215e+08
FST2v_1.2: 1.30136e+08
NEIv_1.2: 1.26741e+08
ML3p_1.2.3: 1.21515e+08
HBv_1.2: 1.18731e+08
AMLv_1.3.4: 1.1843e+08
AMLm_3.1.4: 1.17881e+08
AMLv_1.2.4: 1.17294e+08
AMLv_4.1.2: 1.16952e+08
F3m_1.3.4: 1.1671e+08
F4m_1.3.2.4: 1.13499e+08
F3m_2.3.4: 1.13117e+08
HWv_4: 1.12985e+08
AMLv_2.3.4: 1.09606e+08
FST3v_1.2.3: 1.08396e+08
F3v_2.1.4: 1.07909e+08
AMLv_4.2.3: 1.06926e+08
FST3m_1.2.4: 1.0644e+08
HBv_1.3: 1.05055e+08
AMLv_2.1.4: 1.04135e+08
FST3m_1.2.3: 1.03963e+08
FST3v_1.2.4: 1.03496e+08
F3v_1.2.4: 1.03412e+08
AMLm_4.1.2: 1.02338e+08
NEIm_2.4: 1.02337e+08
AMLm_3.2.4: 9.96115e+07
F3v_1.3.4: 9.8682e+07
AMLv_3.1.4: 9.81834e+07
F3v_3.1.2: 9.77781e+07
FST1m_4: 9.35012e+07
F3m_4.2.3: 9.213e+07
ML2p_2.4: 9.16974e+07
F3v_2.1.3: 9.0102e+07
F3v_2.3.4: 8.99577e+07
FST2v_2.4: 8.84142e+07
FST3v_1.3.4: 8.72077e+07
F4v_1.2.3.4: 8.63513e+07
ML3p_2.3.4: 8.55835e+07
FST4v_1.2.3.4: 8.51123e+07
HBv_2.4: 8.4067e+07
F3v_4.1.2: 8.34935e+07
F3m_3.1.4: 8.34875e+07
AMLm_4.1.3: 8.31505e+07
FST2m_2.4: 8.26922e+07
F4v_1.4.2.3: 8.25812e+07
ML1p_2: 8.25682e+07
NEIv_2.4: 8.24781e+07
FST3m_1.3.4: 8.20971e+07
HBv_2.3: 8.13316e+07
ML1p_3: 8.10575e+07
ML1p_4: 8.05613e+07
HBv_3.4: 7.90059e+07
ML2p_3.4: 7.69687e+07
F3v_4.1.3: 7.54891e+07
FST2v_2.3: 7.44051e+07
F3v_3.1.4: 7.38155e+07
F3v_3.2.4: 7.04096e+07
NEIm_2.3: 6.94015e+07
FST4m_1.2.3.4: 6.86672e+07
F3v_4.2.3: 6.4594e+07
FST2m_2.3: 6.3886e+07
NEIv_2.3: 6.35663e+07
FST2m_1.4: 5.75492e+07
FST2v_1.4: 5.73443e+07
NEIv_1.4: 5.72312e+07
NEIv_3.4: 5.64004e+07
NEIm_3.4: 5.61468e+07
NEIm_1.4: 5.52731e+07
FST2v_3.4: 5.49124e+07
FST3v_2.3.4: 5.45054e+07
FST3m_2.3.4: 5.39523e+07
FST2m_3.4: 5.02429e+07
